1e3	0.00
2000	0.00
3000	0.00
4000	0.00
5000	0.00
6000	0.00
7000	0.00
8000	0.00
9000	0.00
10000	0.01
11000	0.01
12000	0.01
13000	0.01
14000	0.01
15000	0.01
16000	0.01
17000	0.01
18000	0.01
19000	0.01
20000	0.01
21000	0.01
22000	0.01
23000	0.01
24000	0.02
25000	0.02
26000	0.02
27000	0.02
28000	0.02
29000	0.02
30000	0.03
31000	0.02
32000	0.02
33000	0.02
34000	0.02
35000	0.02
36000	0.02
37000	0.03
38000	0.03
39000	0.03
40000	0.03
41000	0.03
42000	0.03
43000	0.03
44000	0.03
45000	0.03
46000	0.03
47000	0.03
48000	0.04
49000	0.03
50000	0.03
51000	0.04
52000	0.04
53000	0.04
54000	0.04
55000	0.04
56000	0.04
57000	0.04
58000	0.04
59000	0.04
60000	0.04
61000	0.05
62000	0.04
63000	0.04
64000	0.05
65000	0.05
66000	0.05
67000	0.05
68000	0.05
69000	0.05
70000	0.05
71000	0.05
72000	0.05
73000	0.05
74000	0.05
75000	0.05
76000	0.05
77000	0.05
78000	0.06
79000	0.06
80000	0.06
81000	0.06
82000	0.06
83000	0.06
84000	0.06
85000	0.07
86000	0.06
87000	0.06
88000	0.06
89000	0.06
90000	0.06
91000	0.07
92000	0.07
93000	0.07
94000	0.07
95000	0.07
96000	0.07
97000	0.07
98000	0.07
99000	0.07
100000	0.07
101000	0.07
102000	0.07
103000	0.07
104000	0.07
105000	0.08
106000	0.08
107000	0.08
108000	0.08
109000	0.08
110000	0.08
111000	0.08
112000	0.08
113000	0.08
114000	0.08
115000	0.08
116000	0.08
117000	0.08
118000	0.09
119000	0.09
120000	0.09
121000	0.09
122000	0.09
123000	0.09
124000	0.09
125000	0.09
126000	0.09
127000	0.09
128000	0.09
129000	0.09
130000	0.10
131000	0.09
132000	0.10
133000	0.10
134000	0.10
135000	0.10
136000	0.10
137000	0.10
138000	0.10
139000	0.10
140000	0.10
141000	0.10
142000	0.10
143000	0.10
144000	0.10
145000	0.11
146000	0.11
147000	0.11
148000	0.11
149000	0.11
150000	0.11
151000	0.11
152000	0.11
153000	0.11
154000	0.11
155000	0.11
156000	0.11
157000	0.11
158000	0.11
159000	0.12
160000	0.12
161000	0.12
162000	0.12
163000	0.12
164000	0.12
165000	0.12
166000	0.12
167000	0.12
168000	0.12
169000	0.12
170000	0.12
171000	0.12
172000	0.13
173000	0.13
174000	0.13
175000	0.13
176000	0.13
177000	0.13
178000	0.13
179000	0.13
180000	0.13
181000	0.13
182000	0.13
183000	0.13
184000	0.13
185000	0.14
186000	0.14
187000	0.14
188000	0.14
189000	0.14
190000	0.14
191000	0.14
192000	0.15
193000	0.14
194000	0.14
195000	0.14
196000	0.14
197000	0.14
198000	0.15
199000	0.15
200000	0.15
