0 0
1e3	0.00
2000	0.00
3000	0.00
4000	0.00
5000	0.01
6000	0.00
7000	0.00
8000	0.00
9000	0.00
10000	0.01
11000	0.01
12000	0.01
13000	0.01
14000	0.01
15000	0.01
16000	0.01
17000	0.01
18000	0.01
19000	0.01
20000	0.01
21000	0.01
22000	0.01
23000	0.01
24000	0.02
25000	0.01
26000	0.01
27000	0.01
28000	0.01
29000	0.01
30000	0.01
31000	0.02
32000	0.01
33000	0.01
34000	0.01
35000	0.02
36000	0.02
37000	0.02
38000	0.02
39000	0.02
40000	0.02
41000	0.02
42000	0.02
43000	0.02
44000	0.02
45000	0.02
46000	0.02
47000	0.02
48000	0.02
49000	0.02
50000	0.02
51000	0.03
52000	0.03
53000	0.02
54000	0.02
55000	0.03
56000	0.02
57000	0.02
58000	0.03
59000	0.03
60000	0.03
61000	0.03
62000	0.03
63000	0.03
64000	0.03
65000	0.03
66000	0.03
67000	0.04
68000	0.03
69000	0.03
70000	0.03
71000	0.03
72000	0.03
73000	0.04
74000	0.03
75000	0.04
76000	0.03
77000	0.04
78000	0.06
79000	0.04
80000	0.05
81000	0.04
82000	0.04
83000	0.04
84000	0.04
85000	0.04
86000	0.04
87000	0.04
88000	0.04
89000	0.04
90000	0.05
91000	0.04
92000	0.04
93000	0.04
94000	0.04
95000	0.06
96000	0.04
97000	0.04
98000	0.04
99000	0.05
100000	0.05
101000	0.05
102000	0.05
103000	0.05
104000	0.05
105000	0.05
106000	0.05
107000	0.05
108000	0.05
109000	0.06
110000	0.05
111000	0.05
112000	0.05
113000	0.05
114000	0.05
115000	0.05
116000	0.06
117000	0.05
118000	0.05
119000	0.06
120000	0.06
121000	0.06
122000	0.06
123000	0.06
124000	0.06
125000	0.08
126000	0.06
127000	0.06
128000	0.07
129000	0.06
130000	0.06
131000	0.06
132000	0.06
133000	0.06
134000	0.06
135000	0.06
136000	0.06
137000	0.07
138000	0.06
139000	0.07
140000	0.07
141000	0.07
142000	0.08
143000	0.07
144000	0.07
145000	0.07
146000	0.08
147000	0.07
148000	0.07
149000	0.08
150000	0.09
151000	0.08
152000	0.09
153000	0.08
154000	0.08
155000	0.07
156000	0.09
157000	0.07
158000	0.07
159000	0.08
160000	0.08
161000	0.08
162000	0.07
163000	0.08
164000	0.10
165000	0.09
166000	0.09
167000	0.08
168000	0.08
169000	0.08
170000	0.08
171000	0.08
172000	0.09
173000	0.08
174000	0.08
175000	0.10
176000	0.09
177000	0.09
178000	0.10
179000	0.11
180000	0.10
181000	0.10
182000	0.11
183000	0.11
184000	0.10
185000	0.11
186000	0.13
187000	0.11
188000	0.10
189000	0.10
190000	0.10
191000	0.11
192000	0.10
193000	0.09
194000	0.11
195000	0.09
196000	0.09
197000	0.09
198000	0.09
199000	0.12
200000	0.10
