1e5	0.61
200000	0.67
300000	0.74
400000	0.82
500000	0.89
600000	0.97
700000	1.04
800000	1.11
900000	1.19
1000000	1.26
1100000	1.33
1200000	1.40
1300000	1.49
1400000	1.55
1500000	1.62
1600000	1.70
1700000	1.77
1800000	1.84
1900000	1.91
2000000	1.99
2100000	2.06
2200000	2.13
2300000	2.21
2400000	2.28
2500000	2.36
2600000	2.43
2700000	2.51
2800000	2.57
2900000	2.70
3000000	2.72
3100000	2.79
3200000	2.86
3300000	2.96
3400000	3.01
3500000	3.09
3600000	3.15
3700000	3.22
3800000	3.32
3900000	3.39
4000000	3.47
4100000	3.55
4200000	3.59
4300000	3.67
4400000	3.73
4500000	3.82
4600000	3.97
4700000	4.06
4800000	4.02
4900000	4.09
5000000	4.18
5100000	4.27
5200000	4.32
5300000	4.38
5400000	4.46
5500000	4.64
5600000	4.61
5700000	4.77
5800000	4.76
5900000	4.82
6000000	5.03
6100000	4.99
6200000	5.05
6300000	5.13
6400000	5.19
6500000	5.26
6600000	5.33
6700000	5.40
6800000	5.47
6900000	5.58
7000000	5.63
7100000	5.73
7200000	5.94
7300000	5.84
7400000	5.92
7500000	5.98
7600000	6.25
7700000	6.15
7800000	6.20
7900000	6.32
8000000	7.16
8100000	7.11
8200000	6.59
8300000	6.56
8400000	6.65
8500000	6.74
8600000	6.81
8700000	6.87
8800000	6.95
8900000	7.00
9000000	7.08
9100000	7.16
9200000	7.22
9300000	7.31
9400000	7.53
9500000	7.59
9600000	7.52
9700000	7.58
9800000	7.65
9900000	7.91
10000000	7.82
10100000	7.95
10200000	7.95
10300000	8.26
10400000	8.09
10500000	8.20
10600000	8.27
10700000	8.32
10800000	8.57
10900000	8.46
11000000	8.71
11100000	8.67
11200000	8.70
11300000	8.76
11400000	8.82
11500000	9.14
11600000	8.99
11700000	9.03
11800000	9.26
11900000	9.19
12000000	9.28
12100000	9.54
12200000	9.59
12300000	9.47
12400000	9.64
12500000	9.70
12600000	9.78
12700000	10.06
12800000	10.16
12900000	10.02
13000000	10.18
13100000	10.16
13200000	10.16
13300000	10.31
13400000	10.42
13500000	10.66
13600000	10.64
13700000	10.59
13800000	10.63
13900000	10.72
14000000	10.70
14100000	10.89
14200000	11.03
14300000	11.13
14400000	11.10
14500000	11.14
14600000	11.38
14700000	11.39
14800000	11.45
14900000	11.55
15000000	11.64
15100000	11.90
15200000	11.79
15300000	12.15
15400000	11.92
15500000	12.10
15600000	12.10
15700000	12.10
15800000	12.90
15900000	12.26
16000000	12.32
16100000	12.64
16200000	12.70
16300000	12.82
16400000	12.61
16500000	12.87
16600000	13.04
16700000	12.85
16800000	13.02
16900000	12.94
17000000	13.21
17100000	13.27
17200000	13.30
17300000	13.35
17400000	13.46
17500000	13.50
17600000	13.62
17700000	13.83
17800000	13.72
17900000	13.87
18000000	13.64
18100000	14.07
18200000	14.13
18300000	13.97
18400000	14.16
18500000	15.32
18600000	14.27
18700000	14.38
18800000	14.42
18900000	14.47
19000000	14.87
19100000	14.67
19200000	15.15
19300000	14.91
19400000	15.10
19500000	14.71
19600000	15.10
19700000	15.41
19800000	15.06
19900000	15.55
20000000	15.65
